160,5
160,4
160,3
160,2
160,1
160,0
4294967278,399
159,5
159,4
159,3
159,2
159,1
159,0
158,5
158,4
158,3
158,2
158,1
158,0
4294967278,398
4294967294,356
157,7
157,6
157,5
157,4
157,3
157,2
157,1
157,0
156,7
156,6
156,5
156,4
156,3
156,2
156,1
156,0
4294967279,216
4294967278,397
155,7
155,6
155,5
155,4
155,3
155,2
155,1
155,0
154,7
154,6
154,5
154,4
154,3
154,2
154,1
154,0
4294967278,239
4294967278,396
153,7
153,6
153,5
153,4
153,3
153,2
153,1
153,0
152,7
152,6
152,5
152,4
152,3
152,2
152,1
152,0
151,4
151,3
151,2
151,1
151,0
150,5
150,4
150,3
150,2
150,1
150,0
149,5
149,4
149,3
149,2
149,1
149,0
148,4
148,3
148,2
148,1
148,0
147,5
147,4
147,3
147,2
147,1
147,0
146,7
146,6
146,5
146,4
146,3
146,2
146,1
146,0
145,7
145,6
145,5
145,4
145,3
145,2
145,1
145,0
144,7
144,6
144,5
144,4
144,3
144,2
144,1
144,0
143,4
143,3
143,2
143,1
143,0
142,7
142,6
142,5
142,4
142,3
142,2
142,1
142,0
4294967293,132
4294967279,397
4294967278,395
4294967279,396
4294967279,386
4294967293,131
4294967293,130
4294967293,129
4294967293,128
4294967293,127
4294967293,126
4294967293,125
4294967293,124
4294967293,123
4294967293,122
4294967293,121
4294967293,120
4294967293,119
4294967293,118
4294967293,117
4294967293,116
4294967293,115
4294967293,114
4294967293,113
4294967293,112
4294967293,111
4294967293,110
4294967293,109
4294967293,108
4294967293,107
4294967293,106
4294967293,105
4294967293,104
4294967293,103
4294967293,102
4294967293,101
4294967293,100
4294967293,99
4294967293,98
4294967293,97
4294967293,96
4294967293,95
4294967293,94
4294967293,93
4294967293,92
4294967293,91
4294967293,90
4294967293,89
4294967293,88
4294967293,87
4294967293,86
4294967293,85
4294967293,84
4294967293,83
4294967293,82
4294967293,81
4294967293,80
4294967293,79
4294967293,78
4294967293,77
4294967293,76
4294967293,75
4294967293,74
4294967293,73
4294967293,72
4294967293,71
4294967293,70
4294967293,69
4294967293,68
4294967293,67
4294967293,66
4294967293,65
4294967293,64
4294967293,63
4294967293,62
4294967293,61
4294967293,60
4294967293,59
4294967293,58
4294967293,57
4294967293,56
4294967293,55
4294967293,54
4294967293,53
4294967293,52
4294967293,51
4294967293,50
4294967293,49
4294967293,48
4294967293,47
4294967293,46
4294967293,45
4294967293,44
4294967293,43
4294967293,42
4294967293,41
4294967293,40
4294967293,39
4294967293,38
4294967293,37
4294967293,36
4294967293,35
4294967293,34
4294967293,33
4294967293,32
4294967293,31
4294967293,30
4294967293,29
4294967293,28
4294967293,27
4294967293,26
4294967293,25
4294967293,24
4294967293,23
4294967293,22
4294967293,21
4294967293,20
4294967293,19
4294967293,18
4294967293,17
4294967293,16
4294967293,15
4294967293,14
4294967293,13
4294967293,12
4294967293,11
4294967293,10
4294967293,9
4294967293,8
4294967293,7
4294967293,6
4294967293,5
4294967293,4
4294967293,3
4294967293,2
4294967293,0
4294967278,48
4294967278,286
4294967278,159
4294967278,47
4294967278,349
4294967278,158
4294967278,46
4294967278,285
4294967278,157
4294967278,45
4294967278,348
4294967278,156
4294967278,44
4294967278,346
4294967278,155
4294967278,43
4294967278,317
4294967278,154
4294967278,42
4294967278,345
4294967278,153
4294967278,41
4294967278,344
4294967278,152
4294967278,40
4294967278,306
4294967278,151
4294967278,39
4294967278,305
4294967278,150
4294967278,38
4294967278,284
4294967278,149
4294967278,37
4294967278,220
4294967278,148
4294967278,36
4294967278,316
4294967278,147
4294967278,35
4294967278,282
4294967278,146
4294967278,34
4294967278,315
4294967278,145
4294967278,33
4294967278,304
4294967278,144
4294967278,32
4294967278,314
4294967278,143
4294967278,31
4294967278,303
4294967278,142
4294967278,30
4294967278,392
4294967278,141
4294967278,29
4294967278,313
4294967278,140
4294967278,28
4294967278,301
4294967278,139
4294967278,27
4294967278,312
